10000
650
1837
1662
963
6779
6732
1084
4677
8026
3757
509
3734
846
1517
8922
1910
1479
8812
9107
9867
9617
1924
7786
9877
3018
681
5138
4165
5287
6626
2650
4970
436
2791
8372
571
6108
1531
1500
1804
2632
812
2549
9451
1946
1561
8757
10
8637
7107
4356
9410
9717
7143
9809
2341
3901
8650
9046
4469
4817
4182
7709
1348
9208
2437
4835
1307
7063
2587
6972
591
690
1592
9479
2928
1395
5054
4003
1828
9696
3441
4562
5796
2009
3789
8013
9957
4399
2108
1337
8922
5707
8551
4104
5000
8926
2012
9362
1962
9764
8802
8982
326
8687
4825
8844
5263
2401
1637
6701
9437
8330
4989
7461
618
5443
430
3191
8541
9097
2102
7057
5037
9151
7118
2338
9838
7741
1863
810
1392
4765
7336
401
7817
5464
1110
8731
4847
4140
4742
281
4123
561
8031
259
5530
3244
1124
5830
4822
9395
1552
104
5924
2307
8290
7076
4527
5086
9739
1346
4053
9657
4678
6565
3552
7749
3992
540
8440
7291
520
3409
1927
3070
1792
7318
7790
1836
3716
578
3046
4581
787
6614
9225
6607
7036
2676
6945
9353
803
914
7233
767
36
4203
1700
4622
6118
3447
8402
8504
1684
6141
7034
4889
136
5238
4716
1915
9849
1779
1142
6295
3079
1569
3714
2221
3812
3196
5886
214
7621
5538
3820
392
6409
9738
6715
5818
313
5477
7158
3161
9201
995
1147
7402
8798
3929
9230
5680
3881
7938
719
4064
8035
3267
1001
2516
2865
4083
7661
7997
4634
4555
9534
2332
589
9291
8430
658
8505
5197
9962
6455
600
4653
2417
7112
6459
2153
7083
8532
9500
22
3671
2538
8208
7780
9989
5131
6699
482
2261
917
6457
612
7392
4659
7626
372
1430
815
8333
6184
7671
8473
8896
723
9910
5645
8135
8141
6858
144
3115
391
7271
3179
5253
7258
718
1979
1611
0
8896
9543
9578
8598
1544
5876
3590
5727
2281
8615
3773
6396
1205
1881
8130
9739
2977
5279
4553
7278
5509
1690
462
8334
6312
875
6539
1631
523
940
9385
6101
3221
4028
7895
551
3439
4297
8345
9492
8465
8738
4515
3267
2621
2541
6134
1935
1881
2343
8313
7187
7283
314
2764
8370
2033
2868
5769
6906
7878
3094
1133
7482
5644
5177
2709
5217
8430
1432
4476
2729
2212
8218
9348
5845
5733
5054
8995
1702
6104
3821
3888
8804
9260
1898
5038
3643
9353
1517
6824
2404
5782
9328
6221
2534
7485
8921
2735
8492
859
7530
6662
3432
6668
1973
4475
3720
8263
8292
3825
361
4341
4584
1462
9146
9656
6592
555
6994
7946
1533
992
2451
2835
3731
6740
8273
2048
771
8555
5742
8976
7111
2305
4824
5264
7277
733
1494
7993
7095
1530
1695
4504
6322
4786
3003
1215
518
6380
958
3931
2749
1432
226
8774
1896
9640
4179
1853
4126
5393
3953
1092
662
2594
5986
6808
9288
1909
8151
2773
7807
4035
8112
953
1377
3325
4017
7817
1298
7832
2231
2644
117
1481
9446
5093
3685
9057
9429
5868
7507
1418
5117
8350
2945
9747
1229
7628
2750
5353
2145
8818
5507
8759
20
33
7214
8414
8068
7871
2524
4024
4437
3101
6477
9114
4377
7193
2162
1225
1822
2277
4554
3902
72
7496
4686
7004
9025
7732
297
4129
6318
2407
6780
9676
3684
4534
8113
8798
2651
3687
4830
9556
3665
6302
4252
4180
5362
5002
9129
5093
7159
1248
1259
292
4668
5337
5350
8629
2007
9112
2448
5942
2981
2654
4178
9018
3367
929
1777
7861
270
2106
2047
8355
7394
5231
3756
9470
521
9585
3424
6176
9862
3862
8733
2677
3600
4281
5905
7140
5269
208
9306
368
8831
9806
1757
42
9189
5978
8264
6394
9509
1105
2278
7070
33
3784
419
6881
4055
2068
7089
8239
1285
3181
3210
7784
9341
2336
8823
1620
837
5908
6096
9926
2803
3103
7845
9796
9271
1818
9980
7061
2265
3186
6828
1676
8452
609
9258
8485
7939
876
6434
6077
780
7022
8808
2518
7674
4806
2543
9403
2127
3084
5930
3473
2681
1225
3969
815
356
5335
4454
5472
8209
1991
4041
8102
918
802
5945
993
7461
1106
972
5504
785
8578
9232
119
7695
8131
9778
3313
5018
5056
1504
2808
4025
4612
3162
2196
1652
2635
9870
9104
5861
1222
5461
4371
8156
5907
1271
1293
6758
2381
22
6128
1742
1327
6074
2306
9044
6047
6440
8272
5086
7129
8937
7140
1244
4840
9960
1290
9296
6268
8460
80
5982
185
9671
1228
2288
6685
2846
2610
2205
7156
3338
3046
2715
2431
3278
9903
4674
658
2713
6381
6531
5517
5630
2013
985
8014
4867
6474
3583
8004
3112
5158
3715
5479
8456
5977
665
5878
4468
3880
6258
6257
4942
5146
766
8265
2675
5607
848
8596
285
4611
6018
1189
7944
1450
1513
4140
5427
4379
4505
8826
7369
6810
3676
4840
7873
4177
6495
9912
1218
3142
7454
571
4827
5107
6049
1652
5682
594
4374
3166
4044
2647
9906
1562
9053
3043
6098
523
9615
8198
6215
6166
6056
1077
4865
8835
7175
2412
3755
4425
7136
8613
2104
1050
7257
3866
9483
1866
7139
6839
5373
9430
5917
8436
3179
3266
7253
98
4094
4532
9681
9379
5328
9439
189
4174
8523
2562
2661
1059
2276
9811
310
381
9832
2550
5232
614
7845
8466
5934
4799
1740
821
3801
2016
1590
2151
5962
556
8165
7437
9375
393
9852
8975
368
5263
4737
5020
6594
3214
1586
1836
3947
1477
806
4455
7719
8336
5910
3620
1611
1266
220
9140
1560
3379
1210
512
3714
1468
1517
5040
8418
1969
259
2621
9544
9837
1372
5273
2741
1300
3678
2094
4680
1269
1275
1749
7960
1039
7078
7016
1601
8743
2563
7945
98
9078
1647
7093
6935
55
5136
1507
802
1394
8414
1905
4095
3570
2371
2449
839
8766
4702
2016
5958
4838
5262
5016
7929
3756
4445
7558
7386
8838
2139
1934
6287
3921
5597
2621
8863
3720
8854
8304
3718
1445
8644
4803
4443
6774
9454
4045
7664
1780
4973
6090
9115
6368
5640
4904
2803
2543
804
598
9404
7800
7323
1402
5734
6507
3757
7042
6162
1733
3045
8029
1400
8689
2206
4044
4437
7169
421
4851
7656
8605
4496
2484
7839
218
7519
4893
334
4479
5874
5168
9376
2053
9804
3941
5552
3693
8214
6747
5082
2470
8631
3348
8510
719
1747
6034
4741
9882
3617
796
7831
7457
2977
3046
940
9853
7629
9600
5937
4901
768
5053
9678
2660
4581
2742
1589
3358
753
7344
9758
5556
7075
6988
2289
3382
5147
6398
9443
1913
7929
7872
8404
5881
1511
4376
5112
1681
7706
8167
9302
2936
9061
483
573
8094
7198
6599
1197
9943
85
889
1141
4183
8690
45
4873
9087
8910
9976
2214
4903
1093
2136
8329
9677
6427
2290
6636
9517
8333
5339
1619
8737
1257
3675
1911
8698
9280
7135
7696
608
6314
8654
6376
1718
1563
6447
973
5730
4773
8057
6311
6204
318
5242
8060
132
9907
748
2448
3513
5102
4229
49
711
2020
4990
1426
4993
225
6038
8677
6304
7544
3896
9423
6170
1558
186
5735
2230
8631
3911
1183
9503
2731
7216
9558
631
2138
6766
1836
2302
2453
5243
6024
1059
8479
5074
6439
2138
2748
596
4934
1775
504
3549
2130
2954
3387
3622
1341
4068
540
7260
5860
5897
9396
2608
750
7277
7461
2737
3672
5316
2602
4391
6943
3005
1921
8257
4926
9934
102
6465
7065
7254
4385
6534
5928
4895
5075
6411
3176
2211
253
7038
8958
3889
2994
9876
3838
9967
1614
8571
251
3234
3846
3280
8944
8028
7794
2545
7214
2821
7161
1062
6103
2301
9771
5452
8442
6689
9653
6577
896
5884
7217
5863
9751
2160
2284
9235
4220
4085
8332
629
687
5841
2257
3581
2433
1400
4010
700
5985
8182
8268
8473
4583
9195
9711
7653
8577
3207
9002
4977
2893
6406
2272
1102
9861
8493
1034
2037
4337
4342
4439
6184
1978
4792
7217
5336
3787
6651
2642
4697
4573
9738
6615
4547
9315
6777
1412
4171
5891
1193
2776
5297
3526
5050
1491
9338
8801
8081
3557
2465
9829
3707
296
2794
9012
1920
1424
3112
886
1098
2690
7424
5899
4152
5939
9036
305
9375
1778
8020
600
7568
3945
1290
4196
9648
9568
8069
5667
6292
5779
4769
608
3403
6582
1701
9031
9232
3653
5381
7578
320
80
9289
771
2729
6055
6221
4603
5108
4642
5898
4202
8356
1557
7845
6736
6287
898
9542
7443
365
5871
1564
5322
5678
7513
5056
8858
7841
4921
5143
4750
3683
3206
4379
6813
1412
1787
8748
2455
5888
5227
6483
4383
5292
9666
4376
15
4848
2334
2453
6233
2180
846
5530
8586
6574
394
5298
8740
6267
7859
6534
9260
6043
1851
3232
608
8018
4040
2099
8381
1884
3989
7673
1185
9217
8410
1437
1644
698
2126
1946
6492
3795
8266
2179
9289
3153
7759
5781
5742
437
2875
986
1162
1585
2728
8367
7254
6075
7029
4585
103
1520
5545
3811
4230
5611
4005
4107
5198
1302
8217
7917
565
1903
6234
2624
5055
735
9075
1840
7584
3688
921
5531
321
9981
5011
1521
805
8214
5514
117
5147
7011
8670
5689
1030
2897
7673
4137
5756
8539
2712
1174
3148
7843
3398
807
2244
5665
7963
8027
4338
1227
1798
34
2569
9158
9271
8108
2134
4475
336
9905
1475
4366
4604
8851
6987
8603
9488
2273
9903
1922
177
7278
1289
357
23
3505
8720
8079
7745
9806
1195
5671
3081
2725
2473
3604
5769
5529
7232
9540
4574
6292
1317
5080
5979
2521
7084
434
1761
3162
2959
914
9342
2699
2692
2829
3076
326
8314
6368
5900
161
5701
7043
122
9133
3339
8833
1699
400
7213
8262
5692
8918
2874
4442
660
2371
4192
734
3957
1516
8980
8772
5863
1430
4644
6052
9446
3711
6364
2716
9605
5756
3286
8
9890
387
9973
8611
3948
5786
1075
4604
3394
5791
1385
8764
5134
8825
3536
3718
2243
2111
758
9776
9555
8376
2323
2690
2723
4466
9708
4797
2962
2471
4503
9406
4360
445
8688
4962
3564
3965
7404
2700
6233
4983
2524
2613
5586
5987
5460
9315
7171
5323
5356
1997
5466
423
6023
8350
5349
697
1155
6840
9773
8170
9488
6412
8820
6101
8996
6471
8524
6435
5438
6862
3304
7398
1769
7117
663
7178
964
3788
1533
2664
3040
1764
36
3677
2857
7745
5844
1642
552
1336
2462
1630
6264
7914
4639
9745
7448
9977
3731
1138
4001
7739
4248
2308
2265
8893
405
4932
2327
6346
9738
4638
8344
6428
3865
688
8896
8530
7734
8303
5413
4563
8684
6377
745
2673
3728
6603
6566
577
6553
2468
7039
1691
9248
3513
9732
8349
1780
1002
3558
2533
1201
5653
4540
4366
5554
3226
8726
4698
629
2815
5824
1057
3023
2388
8425
1321
5775
4730
372
2695
2983
2335
6382
1413
7336
1485
7554
4148
4221
821
7178
6372
1419
181
3638
4978
9559
9506
5889
5952
4680
5682
5074
3611
4223
8856
2689
201
6549
5013
8859
3474
4244
8029
6216
2546
2552
5689
8922
8747
8551
107
1897
991
3662
1063
1917
5918
5566
9727
747
1101
3352
9167
2419
1577
7957
1419
9273
1994
5129
3942
3523
3851
2952
9893
5843
2601
5017
2259
230
5626
5290
7190
8779
1391
52
2897
3320
4173
1889
539
6010
1897
3420
3904
4155
2562
6824
4935
1801
2324
1139
836
132
5785
4187
879
9688
2035
8162
6324
6604
6520
1887
7916
5706
5516
485
4189
7136
6677
4839
7805
582
6427
2204
1660
5314
5199
5888
6243
3480
8686
4747
5079
422
2261
4422
9763
4526
4871
3195
2453
213
4189
5484
119
6748
8717
8168
3505
3085
9695
2121
3837
1881
5724
7568
3195
4127
9143
1605
3094
8175
3216
2202
1655
2096
7287
2592
5161
7791
6382
4637
4205
9193
7954
7388
9774
27
2683
6852
5015
9623
4978
2830
163
9049
8227
3457
3173
3099
5075
128
7994
9335
8227
7527
1148
7131
3126
9026
1513
3729
2639
5855
1811
7647
2623
3060
7609
9853
2046
3604
181
9477
839
4062
3063
2512
8713
1590
9091
9006
1930
4537
9894
8294
671
827
6975
6239
5834
6515
8635
7245
8196
2457
4497
1185
1259
5966
3568
4586
1613
1565
1605
1345
1077
7073
4193
3348
437
2536
5739
9056
7973
4838
6962
1508
2139
2749
2614
1636
5260
2011
1095
5595
3938
6132
8158
9685
9023
2657
4043
3244
9760
8889
1950
961
3285
1744
8266
4990
2992
9102
6278
4729
1420
7969
6582
7787
1632
1717
9914
1505
6740
2162
2677
8387
931
4647
3217
8996
8258
7686
4642
9962
576
9807
3944
1726
6079
8722
5368
1525
6145
5712
6700
1776
9814
5025
9818
1057
22
539
8019
5536
6633
545
846
5885
415
3546
1236
3702
637
9764
7421
5691
21
9096
8683
4080
6330
7280
340
1091
4306
4566
8598
3614
6188
2335
9718
367
1123
1496
4442
4919
7860
4895
5048
704
2733
1685
8302
9891
8855
1763
3652
7576
1462
379
7326
9966
4702
848
7
8014
9288
1177
8090
6236
7365
7617
8546
9885
626
2947
9525
6815
6061
2644
3949
2277
5638
1233
1639
2386
1097
6251
6591
6809
8444
6752
9404
7298
116
860
4871
3439
4781
1600
7970
8831
1194
5521
7783
8899
1625
9332
3678
9888
8970
5385
9891
8996
4290
2133
5767
4748
4875
2725
3174
774
8078
8464
1738
5490
820
140
1886
6398
185
5203
20
9330
6546
391
2587
9049
9089
100
8444
4306
1510
9941
9972
3301
8488
5946
3574
4810
420
376
2322
8134
8725
2465
6753
2695
2245
2902
2754
8275
5699
4667
5466
7164
550
730
103
7094
5393
9082
7126
6204
695
8992
4966
5520
8208
3702
8013
6370
1757
2556
6633
3746
2313
2861
2473
3033
9152
8596
93
5573
2772
3214
1755
3268
6894
7506
9460
452
5858
6814
6934
5991
1798
451
7635
1100
2532
820
402
1964
6701
6778
3460
9283
945
5996
2522
432
7325
3597
1270
5454
9188
7383
5775
7315
1985
311
7928
585
2139
5448
2371
43
8346
6389
4418
7843
713
4953
9358
2866
8557
3017
6604
7071
6901
1525
2285
6483
3571
8442
7332
1892
138
4251
6173
4945
8791
6738
301
5149
8837
449
6309
3472
2124
5806
3738
4203
9418
2607
9098
154
9956
8177
775
1790
4334
5184
3816
2588
2954
7826
4081
6752
990
4212
9967
6070
1305
234
5049
5850
9655
2288
1684
5662
7011
167
3237
5452
7180
829
6668
9805
3483
6091
3743
474
2036
485
9236
3345
1563
1677
996
4250
6217
969
9772
6569
1775
2247
2630
7815
1242
286
1496
1965
6840
9558
7002
4752
9946
4443
7485
4835
1050
1982
5883
5273
8974
9789
5194
4859
9278
4084
6773
2025
3235
1539
2732
9364
6240
2849
2715
2987
2118
1538
2649
9236
9234
6534
8337
5918
1066
9890
4262
2532
2824
6306
627
8997
3221
7695
5008
4737
1466
525
6556
8999
1331
5177
2663
5037
1765
4577
5887
6735
8210
1988
3807
3068
5610
572
6994
6813
5764
8617
8078
616
9998
3680
6782
1268
8561
419
9296
9325
5592
1715
7473
7514
7202
8291
5142
3981
902
1359
252
1243
87
9820
2002
557
5640
5314
4709
5958
2209
2616
4540
3846
2019
2879
678
9598
5113
1953
5969
933
6303
9755
3100
5035
2183
9529
6879
5324
2762
5121
4825
6583
2956
2067
2634
4767
2787
6863
6899
6993
7673
2727
5930
2951
4896
5143
2322
9389
3173
6834
9611
6147
7576
6447
6229
8610
5019
3620
1883
1394
249
881
606
7946
4970
9072
5631
3034
8772
5483
3730
8678
9603
4799
6287
7395
2892
5872
3706
2856
3214
5678
6565
3053
1643
3286
8869
3174
6326
3067
2530
8790
6220
1654
579
5646
3384
6188
2058
8661
3570
5599
1819
9356
88
3528
787
914
8528
7395
502
8406
4812
9643
1545
171
1759
3160
9474
1553
2431
9222
1261
2849
2859
4616
1408
5113
2863
381
273
3689
6486
1330
8695
8029
3087
4152
4670
444
883
8967
5902
8496
4950
435
4862
8599
7740
1422
5717
3385
462
1214
8882
411
3373
3872
8973
1364
2710
861
4238
7198
9543
9260
2172
6047
8273
9689
3240
9961
1758
6773
8475
3470
8021
5837
6892
7096
9355
7583
4487
8967
1565
8714
731
9820
9227
7685
5603
71
2407
8452
3511
1468
8558
4598
8211
7115
1654
2002
5705
6640
2281
9459
4307
1560
5824
1410
843
1461
2932
851
1886
947
7681
242
6046
9852
2909
4016
5608
9257
3303
1752
7718
7515
3139
5015
293
5593
2181
5196
265
1930
9067
7067
8703
581
2032
8792
5524
3463
1358
1827
7700
7093
933
9327
1365
6323
7929
519
2517
2068
6928
9907
4849
626
8381
5111
41
2657
7910
525
4560
3247
5293
6565
7880
9006
493
7401
2573
9142
242
9110
3696
293
6382
5576
6055
6552
1594
9013
3539
3998
3914
5372
194
2058
5940
879
2134
138
7074
5951
5222
2279
6854
7384
5572
2124
6926
2733
3695
7737
8984
4388
3625
8554
8199
9141
5084
1060
6694
1007
632
1200
604
3916
7408
7340
5729
3542
1094
2221
2545
1050
20
3913
8975
348
3661
1413
4459
3595
4498
2762
5239
118
4921
2237
2422
6255
6252
4639
2582
9407
6670
9410
6911
4618
211
5198
5916
8484
7264
978
7370
5940
9552
79
9599
5977
4313
9633
6397
6571
9583
6463
5991
4611
1463
2358
3571
924
2958
817
4097
9579
9275
6716
1227
7102
7923
8632
1229
8018
6364
5297
934
1287
7252
8671
5999
1719
7842
5738
7916
1557
220
2593
945
1411
1883
3981
2503
7703
8668
1857
2640
3822
9753
1861
8279
1537
9928
9380
1882
8615
1634
7490
1100
8299
6614
6322
935
4719
9310
2726
6063
1762
9443
8104
829
990
1261
8361
4714
9989
9677
1529
634
1357
4159
8710
2971
1401
6746
680
4654
6443
9994
2220
2069
7030
2272
1168
958
6281
231
9791
831
937
1418
6988
2930
2445
5589
3572
1411
8960
650
2335
456
5570
2229
7944
7616
3488
657
1741
1807
134
4812
3737
5449
5314
6152
7312
876
4635
8564
2939
9620
1682
5915
1973
25
2871
1147
8340
7371
6335
9081
5516
2113
2308
146
3665
9166
670
613
507
9397
6945
6976
6943
3023
8759
3016
5900
6523
4943
4253
3298
3397
6070
4461
8986
1449
757
5127
8210
5850
2682
6995
1048
2798
6044
6080
9561
6444
5290
94
1962
1738
3827
5518
1863
8448
4587
3223
1274
7520
2060
922
9886
4378
3323
5255
996
2027
1517
3937
9382
6438
810
320
410
9031
2017
7414
4442
1219
6844
5413
4290
9699
197
4222
5337
19
5032
5500
9283
1750
539
9715
1302
1116
2140
3795
9707
7607
266
5970
3176
8906
7910
5049
9356
2819
5787
748
5002
7131
9836
1248
7178
2411
4093
553
7628
1745
8405
337
4511
883
787
9920
2337
2339
62
5640
23
596
6273
3296
495
7660
647
4
4068
2730
6450
3594
7522
2458
6547
2344
9051
4487
6021
6725
8586
1201
795
2125
8581
2079
3980
2809
6296
8646
5179
7486
3888
8890
8508
2740
5669
4517
67
4074
5003
54
8959
985
8938
2891
872
1814
2605
9874
6181
8635
5945
6140
4369
5320
783
1827
9918
1638
2675
814
8890
557
1981
4179
2866
2039
7072
3164
6692
7284
4121
5405
729
8863
3002
1524
1715
64
968
8002
6163
8628
9794
4489
4607
7210
7443
9335
866
576
554
4258
3140
2749
8183
6404
2171
911
6505
233
5426
6953
2118
7655
569
693
9658
8862
4061
3104
7076
2095
4489
6566
8109
6049
7533
7915
3626
370
7711
4077
9668
6267
415
8182
6182
9304
6176
8294
5351
4230
6179
6000
2889
3933
5285
8084
129
4512
6205
9773
7064
3634
4911
459
5681
8028
6948
388
3132
6189
2109
1974
6570
9841
2054
7649
98
7636
1560
9571
116
8297
2177
179
2908
2390
311
162
1833
1027
1451
7279
8574
7891
9803
298
3496
9505
2731
3179
1265
7375
8805
1620
8469
1547
7166
2004
8323
4419
1931
2109
5190
218
2723
841
6309
507
8007
6968
1768
62
1952
7357
748
1161
1239
826
9352
2505
843
441
2065
4465
7774
6813
2155
3665
2641
2168
7985
3691
593
9726
4550
722
9362
9402
4269
2948
427
527
9286
1754
402
2881
8699
5229
986
2165
3402
923
5018
3623
5539
90
5920
2267
5076
348
4214
7430
7715
3284
2243
2685
5596
2409
8021
109
3932
6472
2093
4846
1629
4270
2812
6786
1810
1206
4973
7490
1990
6064
9538
2539
8736
6835
4308
5748
1498
388
8165
7140
2114
2055
4040
466
9776
9750
6868
8348
1177
3328
613
4844
8388
7027
5731
7608
5435
2925
8823
8121
2740
1103
1995
9839
1904
9380
6465
7634
1875
2752
4087
3483
54
7116
2841
4533
9194
7393
5687
1262
6158
9555
7129
195
9810
8545
6257
3947
6428
3545
2320
7362
6699
2161
8827
8233
9563
5124
4543
1356
7945
8281
9347
4244
9143
3834
4125
30
8305
164
9271
9900
7761
9450
5875
1482
5728
1983
7565
3
7614
8948
7712
7733
7269
1694
5948
6035
2201
8027
3159
5722
7634
5223
4625
2806
188
9674
5836
4085
2222
9220
2955
2604
8075
8332
1850
9577
8326
678
607
40
8857
1571
5872
8202
2968
637
3654
4387
1809
4771
9392
7060
5686
2001
9450
9848
1039
9283
2846
274
105
1436
3692
6087
6228
8082
3143
3496
444
2605
2416
2227
3221
2112
135
4185
1901
3494
7247
2803
1884
1361
3410
5377
4735
607
8356
1652
5510
6638
9724
1389
7306
18
3441
1589
83
3300
5841
4238
4505
7613
567
3722
8042
2291
6302
8619
8363
7715
5345
8090
9122
4832
8917
2668
5300
7050
9194
2865
1690
3971
2429
6671
5993
1118
7474
4255
3474
5145
7424
2022
3591
8493
8717
5590
3855
7619
6027
2582
7932
8153
2643
9888
7259
4934
2706
7370
4716
5370
3121
5431
867
7305
3850
7342
3453
2761
1607
6523
4503
3034
5068
3509
364
9910
2760
8960
1005
1865
8969
9139
9606
8771
1614
6205
8767
7979
9568
4372
976
8086
4611
9662
1368
920
4873
1075
7632
3147
7737
6434
7243
174
5646
4580
9841
1167
210
5022
7500
7052
637
3339
1971
6471
5273
5113
2085
4072
5688
3314
4424
6823
8679
3166
1955
7354
9476
1991
3288
5115
8303
2093
4502
5262
4653
331
462
8977
6355
6106
8388
4533
4545
3908
7033
29
8252
284
4391
8805
1408
1980
3292
3380
886
1919
8426
5700
6867
8960
5838
3378
6289
2739
3360
3553
2818
7842
250
7460
2561
9066
221
5612
8364
1560
848
2862
7423
8222
9899
1561
5074
8442
8163
4198
5639
7497
5318
6081
3180
1768
3050
2823
760
9371
9632
8560
7795
2338
6815
8143
7974
1896
5518
3688
1158
685
130
8562
2971
8263
6026
9980
886
1685
1974
357
2354
6004
5903
1334
1481
4950
5043
2979
8554
9663
5104
4819
8634
6561
3955
1659
5050
2651
2769
4882
4455
7661
1174
5360
6695
9807
1691
5496
8274
9907
5550
7576
991
4681
2189
6398
6225
6721
2594
781
2594
3046
5830
657
6847
9705
2287
8815
9555
2219
268
9105
6712
8079
6467
3360
9867
623
4552
563
5296
526
2065
1751
5895
830
2151
6159
9869
4515
8832
2270
3573
2856
3835
2658
8104
7408
4779
7828
571
7087
6744
61
3313
6747
7010
8380
2608
4077
3767
5893
8008
172
2583
651
881
124
6343
7601
724
4979
3699
1966
8269
4188
2647
2895
5007
4528
7823
1554
4953
3809
5197
4176
6568
9385
2763
9802
8349
835
1
5991
1088
1927
3290
2220
5845
2764
211
430
9566
6745
6099
724
1233
8812
1761
8304
2620
7903
4626
256
5638
4536
7362
9968
5719
2001
501
9954
8298
4391
7118
3616
1682
854
7184
6273
6764
84
6244
5371
9636
2125
8986
4041
8634
7488
483
3005
165
5287
9053
3302
8872
4252
3712
5909
4165
5978
2122
8573
9744
9379
3254
5322
1094
1233
3459
35
7389
3486
5665
9714
28
2647
430
356
6111
7646
8547
444
8260
1951
4553
5773
8682
3542
6224
9800
539
2991
7408
4498
518
7725
8049
8682
4786
5487
5353
906
4784
9968
1204
9003
5073
9055
1929
2750
920
4015
4426
9560
2752
1311
2460
1853
2401
3052
5608
7697
2095
5621
1264
2282
1764
4191
7110
6762
3456
6330
9530
2621
9326
6596
1555
7038
6024
1309
6257
6174
861
1387
3632
5847
882
7071
9230
5901
679
1799
1312
3911
1324
5669
5410
2813
5171
1904
4783
1954
9191
153
9472
4628
1934
6033
6920
1409
8299
5817
5151
221
1511
5690
7644
289
5121
1079
905
4150
243
3327
1522
6547
6567
9687
7758
9922
5738
4056
9682
9369
3776
2564
9314
5480
6840
6543
9001
735
7009
971
4394
194
1757
149
3912
431
3797
7167
4179
239
2829
5085
1460
4732
4170
2371
268
9314
9009
6670
9160
680
3153
8387
8311
1137
8820
3686
2702
4654
8658
8844
428
7734
9335
6354
6922
6537
3238
1151
869
5217
6254
1815
4016
8619
4636
8706
8323
1332
3841
1372
3768
5815
5733
3358
2536
502
8731
4158
2737
1063
7751
722
9275
1889
6990
3194
4363
8198
1165
2527
9607
4772
8877
1095
4652
6615
5397
9050
6892
9265
2400
2617
3868
8493
1313
6270
1485
6048
5204
1951
7016
8881
4647
2647
4848
4650
777
7926
963
3263
2225
7
9681
1999
5138
8867
6496
8153
5278
1285
8831
5505
7401
7693
250
7922
9391
8521
7006
8726
184
6657
2189
3588
2170
1569
8947
1578
64
637
9114
7836
763
4287
8267
4635
4486
1141
2486
9224
1102
2505
3812
9851
4865
6721
747
9872
6390
1800
3298
3057
8926
700
6406
8922
5609
3658
188
9480
300
1478
3783
1812
5281
2512
9356
7823
5216
3987
5989
1309
8317
720
467
2279
4130
5419
9159
1132
8430
1476
9682
2041
9998
2104
9324
1337
6107
9832
7842
5965
1940
1739
3140
6111
3981
2736
7598
5812
6168
1847
180
9680
4836
1457
5939
9102
2307
9572
8022
1217
5792
2131
3367
2245
2512
8957
6566
2153
40
1925
6303
4353
1520
4467
6855
2678
4759
6073
9991
1329
6727
4760
8668
5096
9962
8387
3566
5112
9820
3332
1375
1732
5683
4799
1143
8717
6125
7716
8030
5411
7945
6520
9545
9834
8889
9382
569
8945
4133
1777
8656
671
9588
62
9333
7646
5463
2704
9034
1436
5942
8148
4764
9776
5007
2494
7690
74
3804
2131
9578
6175
7285
1113
2201
7779
1669
5196
4193
8903
3857
1090
8064
5845
759
3457
1559
2905
35
2047
384
9379
4952
3834
6931
699
4829
1914
5578
644
4597
4324
8579
532
7988
720
8487
2658
799
61
6377
337
2611
8931
3345
5196
1256
713
7929
7474
3767
7736
775
4885
4442
3040
6429
3645
5908
1737
4189
9394
2561
6477
1137
8362
8606
1269
7738
1888
8828
1121
4503
3750
465
4971
6441
2780
9248
430
8069
1745
1978
3075
5721
1305
5317
8476
9474
1551
3164
9861
3565
1629
599
9144
2092
7803
2924
672
9948
4756
5014
6656
4693
6207
7189
8100
9953
4524
6838
6808
7569
4365
1381
584
4156
6631
1792
1224
2089
5609
6750
629
6096
1133
2159
7403
7788
780
3349
3289
4691
7959
228
7778
4569
5795
2246
5349
1601
8229
3283
9647
758
5006
1151
9231
1833
728
8627
9659
6268
5266
2672
7601
2062
793
5698
240
3304
7480
290
8232
3896
64
8654
5663
491
8859
2029
6806
5921
1870
2845
8811
699
7133
9088
9968
6856
1940
3895
524
2737
3763
9405
785
8561
905
4055
1166
5225
9109
10
2757
147
5352
2253
2623
325
2767
9857
7935
872
832
3102
6997
266
2466
992
7428
3521
6642
6211
6165
961
8131
5114
2173
8880
9174
5078
2061
8871
7899
4005
8872
8379
1671
3528
2731
7902
5910
442
8952
9536
2370
4942
2499
4457
3748
8520
5457
7404
5227
7503
3453
4676
8123
2129
205
354
2408
7159
404
8298
9875
699
5034
5882
2580
3832
6729
1325
473
960
9289
9039
1149
9796
6446
6386
4748
1327
9888
272
8886
243
3164
3586
5587
2473
9769
976
5894
7539
973
6298
9317
7141
4449
7830
743
5059
4355
1899
9663
8284
4826
2702
9240
9640
2799
4059
3026
7693
3002
710
7292
5752
602
6130
2322
9562
7737
3858
8489
5697
6911
7166
1528
8378
8471
1752
1769
4115
2015
736
2177
3445
7891
661
6124
2530
1116
2525
1629
8363
3525
2422
3684
4821
6671
5021
6688
9277
198
1696
1992
5498
8659
6703
69
850
434
3064
370
9520
3415
6612
3270
1636
5565
6475
385
9834
3791
8335
165
8240
2171
9768
9783
5395
3411
8939
838
4425
6918
7841
2844
3045
559
6677
7827
7926
1196
6766
1433
4800
5089
8110
6455
511
5838
7754
3550
697
511
1243
6499
1924
6098
6692
3645
4889
4622
5300
9644
4743
6882
2462
2125
522
8716
7592
411
5437
4219
8514
1719
2333
6407
7015
6267
9120
1455
5528
9020
7575
4867
2503
9519
944
1684
5025
6269
9567
5241
3024
7305
4125
3827
1920
8322
6193
370
6992
7220
7839
3257
779
3700
2270
5104
9384
1035
1743
8841
414
7602
3466
4981
412
6368
987
1752
6184
4992
6237
3034
5303
3510
6165
2399
6621
4563
563
2825
2852
8679
4820
5741
2226
647
2540
6212
7239
1807
4050
6402
8148
7513
220
7340
3698
751
7437
8342
9473
5629
7788
5834
5760
8971
1383
9232
7629
1385
5751
8986
190
9004
7461
1087
5567
7080
5454
3131
4108
1726
8643
8996
2354
1609
7460
8496
5361
4627
2607
2709
2084
333
9347
7074
5060
959
9993
172
8362
1196
1653
4587
2756
5130
9306
9623
1402
1088
5564
2093
5025
9425
5050
7926
1775
4617
2587
3369
4368
981
5735
8095
793
1431
426
3016
2603
9466
3605
4749
7354
9347
8710
5430
4735
3321
5289
1965
987
3703
3502
6626
8220
1791
8029
9247
1973
6977
4616
6943
3961
1052
5760
8651
264
3124
2778
5526
989
3813
6290
10
8263
295
6209
8449
2887
867
44
4105
6857
596
445
1394
8967
9505
5430
9929
9162
2698
7571
7034
6114
9873
239
513
7512
2556
7002
3762
9858
6040
6281
8379
9863
8672
1214
5110
7171
5005
666
9555
509
4848
880
3893
8504
7039
5868
1691
7447
1500
8788
7058
1540
3500
7502
1802
4674
8742
1474
790
4817
4746
1505
5336
3282
6517
1334
5244
6285
610
2875
8275
3023
8642
9840
8915
9575
4352
9352
9933
515
7742
8916
496
6919
1780
1732
4316
9006
2571
651
1433
5747
9556
1282
1736
4770
4974
7488
4283
3195
6968
4856
3905
5063
7107
5667
2388
894
5196
7281
2039
7176
4889
1914
9194
5970
7282
6809
9072
5652
642
6763
1651
5728
8349
2933
5958
1230
5364
3908
2186
6838
5463
8952
7605
7949
11
20
4769
5443
4348
1823
4609
4124
2116
2286
2297
8383
1901
6310
9070
9339
3124
8125
236
2112
30
9632
2823
3613
9183
8138
5587
4886
5736
4436
1448
5352
4529
7864
7648
4944
376
8234
5155
7640
4936
617
86
2580
254
738
8223
2685
1432
3590
6043
8219
4527
7021
836
9064
4262
8267
109
6514
8451
5810
9488
6066
6941
1945
2683
7083
1799
7003
8709
1892
1805
9730
135
5722
9052
7525
7961
7888
5015
2560
3530
1640
8327
7668
485
8775
4146
5694
8048
5172
9759
668
9463
4001
3705
1086
9896
3821
4770
5545
3984
6168
5818
4065
2854
9241
2192
8264
630
573
7336
514
9985
8705
7870
1068
4242
7362
1482
9596
3460
4738
5141
138
3859
958
1450
1887
1073
5853
9856
5436
8906
4876
1944
1375
9785
536
8434
7010
556
5948
2660
3477
5526
8940
1693
6413
8259
9024
6327
7996
4305
3365
5564
5666
1614
2784
8683
7028
4668
9845
2490
717
7852
2007
5326
1651
7002
5745
9257
9211
4053
4340
963
5247
5874
1682
1052
7055
5137
314
6145
3926
3072
3477
3021
9470
8110
1521
5778
9734
3667
6731
5288
1283
9951
4979
5748
3733
6176
8042
4397
2780
8343
8431
1324
1242
6813
9467
994
507
2226
3977
5807
2034
3383
698
6063
2390
7949
1559
8823
9309
2189
6184
5729
567
8009
790
404
2542
114
1036
2920
9788
2636
8787
5768
9118
2495
3566
360
6744
3328
1267
2057
1977
6159
9387
8731
496
4946
4107
7475
63
6114
3844
4013
5087
1284
6025
1124
5237
618
2607
9375
9235
5355
8329
8190
5378
7137
2292
9014
2670
5921
2400
9048
3954
7921
945
6089
8486
2133
6565
9869
5158
7994
2391
1366
3829
1014
691
1612
7826
8927
9371
2109
9818
4140
633
9895
4302
7785
4390
9538
2118
9471
4410
8340
7013
787
7205
4224
751
6222
381
3247
5529
2141
4937
2801
5472
4889
9918
8517
9629
8041
9447
4951
1624
311
6091
1290
6250
7089
2874
1079
311
5425
2215
6132
7979
6943
9805
3016
4148
1444
427
9486
5425
9539
1633
1593
2857
2580
2880
359
7743
9328
6925
1064
2741
2708
2982
1264
2127
7759
2264
9339
7705
8910
321
6033
6987
4171
3585
3371
6924
2946
1158
645
5173
164
8600
7571
5751
206
2178
3065
5343
6988
7395
9094
7113
5547
4708
7809
6148
877
3050
2743
8916
1504
6654
3523
4717
3089
2123
1679
7023
5085
4919
649
109
5128
6230
522
850
7569
8300
9971
614
8054
722
5945
3917
564
9787
788
305
7586
9990
738
2721
2302
3190
7025
698
7144
497
3660
6549
1438
870
6373
1649
1143
5347
2324
7315
1988
3014
3519
6123
2388
7202
7851
952
1479
1860
241
5438
1861
1046
9333
359
5776
8099
1299
6697
5383
8060
4987
71
7565
7131
1023
4522
2217
9351
3113
2929
8927
9815
1859
3910
2687
6938
3761
4019
156
4150
6385
7396
3280
8448
2791
4463
9454
6364
9586
3330
6920
7364
3427
3548
2706
334
751
3999
727
6537
8515
7940
4138
713
2247
7631
15
468
9190
308
444
3307
8540
874
7018
3165
3633
2896
6240
8088
8694
1758
6466
2465
2237
8172
5318
6070
6350
1432
1879
547
7943
2292
1517
3906
9348
8719
5501
2598
5135
8405
941
2793
3434
8345
2779
7668
8170
2146
6558
1264
8374
6451
1565
6155
5697
992
5839
3981
484
414
8179
9915
7375
4554
6944
7179
2465
9149
335
9641
1927
7662
1160
3962
7969
5592
4171
7631
3739
8397
4513
9004
3019
9660
5361
5497
6342
4287
8390
4361
5992
6152
3265
2986
5507
1293
5516
3436
1079
9745
4079
1109
2612
517
9830
6052
924
4479
2098
8532
8700
298
6191
4004
1660
2478
8294
3525
6037
33
6308
9859
3123
4398
3611
4071
7595
4933
1543
700
9310
3572
9124
6322
4030
7412
7662
5119
5713
1878
3064
6284
9668
5120
8593
6847
738
1011
1940
2005
9365
6063
7680
8243
3996
1449
2983
8988
4382
5899
5786
4885
3149
5309
7925
5031
6814
179
4583
7877
5929
742
6405
1071
9820
5368
9008
3238
1332
210
7939
4210
4703
8208
1505
5168
5372
4144
6287
2287
3172
3238
990
8717
1533
180
1308
1261
7084
344
1435
6157
9803
4566
4290
1813
5051
4936
98
6770
1932
2803
764
4915
1450
6460
6001
3107
6954
5403
5722
1721
2294
8463
809
8349
9733
8417
160
7772
4751
6365
6577
1374
7439
5695
4485
8933
7818
186
4816
5081
8431
7599
7717
4866
2799
4972
1367
7957
319
8691
9088
386
2796
7244
3653
9517
5966
9101
8201
3292
3520
857
2048
5601
1887
8711
4823
8825
4368
8869
7027
4771
5831
8413
8935
3541
7430
7591
4251
5196
8915
8014
7017
3506
7821
4951
4376
3077
5856
1855
4751
3589
2582
6133
6338
3262
5296
7048
8737
2151
3670
8434
2578
3722
4844
677
2923
7461
7814
7861
516
5424
6365
695
5741
6113
3234
1111
9820
7772
4130
2384
1962
399
4922
1432
9918
1133
2765
4682
2489
8
1252
3256
996
3236
2517
4832
8247
6346
7448
7950
5244
4363
6469
4595
4324
4742
1458
4949
504
1932
8460
8631
4818
1425
7316
5690
2476
3877
8492
6131
713
8836
897
7407
6563
9739
8843
7397
6309
1420
851
8027
7194
5619
2133
6428
4662
6362
406
2616
6164
1771
8391
156
3903
1412
9259
2003
148
8511
6853
9229
9799
9970
2950
1888
6
3701
5686
5436
1340
9874
800
9651
9879
2386
899
7913
1483
4981
1781
7192
5751
8626
8107
7063
9865
8304
9575
7628
8286
9939
6865
5120
45
1788
474
6322
5733
4554
2316
6558
3171
8710
9398
1311
489
2974
6023
6850
9579
3343
8312
8686
7435
6184
1967
7233
8952
1549
2577
5052
8691
2649
4952
8258
1810
1400
3094
1101
2904
8548
5416
4450
7236
2590
5934
8422
8201
6352
4330
8816
7646
2928
3751
1264
5831
3255
8972
1857
7476
7634
9137
8156
5145
1785
9409
8109
1054
1887
8689
5241
9895
4282
6304
3344
3494
3219
1791
6096
8639
1071
1123
5466
6141
3951
2873
4329
7539
9301
2761
976
2886
7945
5614
7746
5113
2075
5941
5752
1033
3369
8932
4687
3226
3779
941
8017
5809
1037
9378
3605
6643
8037
5275
9001
3886
5366
1479
5902
2839
7835
1615
6868
9924
9208
2161
4328
8043
6134
3195
7276
3371
9166
982
5078
9705
3112
5462
6555
5341
5220
1055
2686
3502
8808
1370
7699
8075
395
3624
3705
6764
5793
1222
663
3400
3048
4417
5334
2600
8931
3388
4848
2524
6869
1328
1751
9820
1777
2340
361
8850
3679
4045
9234
2486
7297
5863
4850
426
8231
7157
7921
5256
2463
7445
4033
2024
6433
119
2355
1126
3322
7216
3948
8548
7272
9178
8665
507
1622
2526
1376
5928
5831
5525
537
549
2536
2619
2589
1029
6801
3717
126
9012
6717
5252
1960
1806
1227
9723
2215
3487
1747
1710
7832
8795
8205
299
7780
687
4078
6077
4858
8999
9828
1998
9116
9393
3141
4605
3597
2802
8307
7665
8825
2409
850
9789
7206
8817
9101
1940
7594
4922
70
4078
3069
8985
3469
5948
2448
2958
1234
7688
6606
3319
2558
2689
4418
1636
1151
502
8329
1499
915
2688
2217
9037
6744
837
1378
7496
4928
4811
6404
958
8202
6169
2306
7670
5599
6708
182
4674
299
2233
8500
2513
2413
3381
7283
7413
8192
3629
3321
5703
1530
5195
5430
7241
8629
55
3861
7885
621
4631
718
805
6713
7239
8736
3466
1405
3116
3725
9633
8063
3685
7429
7499
9288
3651
8248
5004
1006
3643
8422
2366
4096
922
521
6278
1394
7577
4582
4551
8521
3184
2304
118
1289
3951
557
3358
893
7803
4445
5317
9206
4502
1896
4798
6281
3027
311
208
8690
8680
1255
2968
221
1092
9241
4619
9510
1571
2317
5966
8015
8816
4320
6537
2739
2074
355
7160
8344
3354
8943
3956
3530
7940
5413
3763
758
5900
5099
2507
996
5979
8292
125
1321
722
1966
2719
8107
4222
8083
5130
7222
893
5160
4150
1454
320
2954
1986
6774
4449
2441
1464
5953
5734
4805
2112
1592
3847
6697
7828
7259
7421
1013
6517
7547
5851
4305
252
9127
8514
7278
6179
229
4271
4607
3493
5716
2040
2024
8850
7935
1255
5398
5736
981
8725
2975
4863
3623
539
6123
6851
4705
2293
9747
424
9484
8008
1561
7801
2403
3142
7544
545
2629
3135
2142
2622
8923
5226
9015
530
5083
9428
2427
1116
6540
2392
603
9862
3194
2369
1320
3936
2908
2828
9829
190
292
5281
4894
3470
8423
8674
2601
5260
1518
4389
1403
2201
2364
2511
8686
937
209
3954
2306
8396
7374
5160
1682
6095
5386
5056
4393
5428
6565
4825
2676
6991
3563
4013
697
9043
4491
320
9480
188
2728
1496
8497
8718
4143
3935
9110
4046
4042
838
6274
3119
3349
4557
3515
7073
4016
7041
7140
8581
5492
9797
5782
3139
4393
7108
5056
2751
5798
6229
2989
3562
8059
6177
917
6805
3020
4177
8902
2203
6047
8811
9732
4511
7752
1054
3950
4676
4402
555
1059
940
4625
1128
1653
5475
2149
191
5454
4813
9890
892
6784
908
6350
3943
8625
7542
2875
862
2758
5047
2725
5927
2239
1012
7918
1460
6916
3616
3369
4391
9038
5425
1251
6841
6105
1973
2168
2678
6296
7426
2197
1739
2298
3355
9642
5795
5740
9530
7171
5181
383
7818
8247
8498
8587
276
1840
5526
1348
1437
940
7293
3659
5245
3315
2368
3801
2371
8522
544
4456
935
3272
8074
1506
2096
1479
6524
542
2279
29
4039
327
1356
3820
1093
4960
3640
9862
7645
7798
8515
6949
7332
9972
1750
8345
3318
7181
5843
6787
2486
8197
3204
3251
9378
2464
2226
6909
7483
6544
55
5153
6211
1689
6565
4923
2072
1703
9960
7448
9616
9058
826
1658
3605
1649
6582
6221
7171
6461
559
1275
991
8247
5777
2925
7003
3773
7832
9716
9975
8649
5264
1367
7882
4106
9949
4701
818
7159
9004
7949
2344
6769
7178
6836
695
7592
6755
247
3278
705
8589
5034
9572
6727
2183
5440
2476
4576
6908
2419
4633
8689
604
919
2644
532
844
6106
4972
5528
2525
4303
5212
5882
9211
5755
6979
2563
4039
7775
3936
6754
9303
5383
8301
988
9628
6290
3662
2865
7509
9044
345
8193
9682
4568
3192
4462
4187
8058
5965
3475
8721
4564
8405
6357
8629
5959
1857
2090
2185
6812
3313
7528
4900
5611
7201
4238
74
8860
9672
8873
522
9581
7022
2848
8089
4803
7935
5472
2208
5444
6254
7359
5010
7445
587
4235
5505
2655
8519
323
8625
3255
5752
6489
8716
7742
5624
7686
6391
8886
419
1678
2437
5527
5601
3574
5099
8160
4384
915
8276
2962
6550
4932
790
1241
9525
1635
2741
3628
5648
1112
6
2584
4701
415
5847
5304
3948
6699
8973
9992
4295
907
9805
2649
8041
7147
7503
6295
7460
1454
3056
2970
1358
3643
6375
6602
396
8454
3306
9862
5714
5232
9426
2631
6553
1089
5293
560
5266
8037
6354
8153
6027
2261
7546
2685
7327
2808
237
1520
9490
1065
5578
7637
6206
7867
6828
7598
8551
7898
8537
1077
4982
388
4732
1884
9572
4680
3350
48
4773
3693
1824
1699
519
918
7876
3337
4699
9492
2989
5731
4675
9805
2172
9563
2109
1676
3660
2351
5679
953
7065
5729
2435
1211
4684
1182
9429
9594
4682
734
379
7050
7886
9612
84
1973
1379
6582
7956
296
4663
5943
159
9969
301
1155
9411
6071
4833
2403
6411
218
8657
2082
6386
2029
26
9254
3669
322
1249
6627
3788
1188
3492
461
8906
9994
1471
3132
386
5243
5075
7061
2189
5469
4724
5255
3945
675
290
6115
2788
534
379
3295
3402
8562
3486
8876
5547
1893
3379
471
7729
8884
4042
701
1344
5630
1633
5203
1838
4053
1561
6341
7189
7994
5803
1741
2567
5880
6423
8038
1490
8356
4894
2337
8308
8995
8705
1784
4656
5421
1464
3746
3185
4304
9688
1910
863
72
943
979
4880
606
2370
3391
6225
9775
6729
926
3157
702
8840
4006
8300
5148
7698
912
2488
8439
4073
3762
7996
2561
4265
6667
470
4083
8726
2478
9406
593
4082
2915
1407
5711
3268
8474
7766
9124
6294
5698
7385
1086
2365
3273
1947
5687
7118
6692
45
6166
1663
8481
5510
2745
7836
955
9845
9010
6972
4222
2486
5007
5795
6668
8804
2639
8168
1440
9391
7665
6122
9376
5182
2671
2734
7448
8566
828
9852
8853
1643
3913
8300
7503
3478
1486
3835
4298
8137
4039
6690
4078
3023
1676
6424
2166
8247
6054
2967
7255
4386
2031
5133
4018
266
794
8740
491
3398
9203
7123
5306
1739
2039
1718
4738
1126
7607
2284
8656
5959
2121
6592
8566
9648
2272
6379
8073
1935
317
8311
1544
7911
7701
6151
8718
4614
9413
4549
7018
4626
5524
1291
8236
7509
6136
1639
3683
9547
476
7737
4725
6650
2064
4606
9326
7329
9009
4434
4557
7556
6715
5762
3979
6999
700
9296
5773
8457
490
6314
1228
2307
2280
2013
260
5456
5957
6997
4025
7248
6
5881
1937
2872
2373
7877
3117
8444
185
2199
521
4895
696
6094
7655
1626
7595
7520
1751
1355
7377
4940
9675
1136
5270
2847
6567
7573
8181
5946
6734
138
2188
9699
5691
2777
4015
2763
7357
5542
1872
5809
839
920
2941
2069
8022
3639
8266
6607
6420
5590
7585
9473
2333
8754
6375
6346
16
6876
6416
3085
8968
8772
3558
3313
8428
8310
2118
6538
6276
3050
3452
840
4653
7462
5521
2894
2878
9527
5905
3478
9356
7232
1090
3714
5995
6369
8017
1734
7734
172
3967
2229
7472
1108
8428
5370
8556
9671
5971
9528
1995
30
391
9091
7076
6306
4668
6993
680
5953
4249
6811
7798
6145
7564
680
8108
6436
398
2764
1120
2525
5529
876
1342
4210
9959
5654
3219
851
7325
4671
1753
1258
5928
1804
259
3027
9078
9237
6700
1454
345
9191
8795
7682
2535
9834
2938
2212
2566
8786
2007
2792
1030
4041
7562
856
9087
1245
1064
6867
9324
5190
7912
2311
9384
9210
4020
9762
4376
948
4098
1973
1785
499
2595
3754
2300
7087
5403
8200
8575
4754
6499
8085
9023
420
8236
5691
2826
7591
2245
990
7577
7988
2414
7245
5085
5445
749
1366
346
965
3921
3631
9474
6213
6486
1762
9011
337
8313
9705
1331
8450
4972
9307
3290
5157
7819
5237
5970
204
7344
7517
1851
6419
628
9219
6210
4710
503
6488
6466
9040
9571
1651
7627
4647
5420
5666
7282
3927
8522
7742
4282
7724
1001
2851
9009
5380
8656
8958
9390
7428
9522
7303
1610
5818
4738
1569
6476
1267
3146
336
9146
4142
4030
8667
1004
6944
6924
4913
1427
1417
6311
7968
8650
1559
2436
4436
1052
4665
5444
8190
4502
8743
2371
1157
478
7969
7584
9505
2917
517
4510
837
1721
4453
6475
7484
4910
7080
1727
5512
9917
2815
7079
679
4509
3466
323
2503
1218
5805
5228
8907
499
5390
986
4751
9008
3872
1589
8408
340
2388
6395
2480
1687
7374
129
2784
728
7398
9293
8958
8153
113
3044
810
6938
5327
2751
2052
1003
806
8483
7264
956
9743
4737
3708
215
6511
7067
8305
2401
5177
7640
8008
9005
6753
6106
9423
386
308
590
540
5694
1751
7076
7938
9866
1853
1008
3570
527
5357
6960
1283
6153
7011
8958
7445
8508
7014
6680
1090
7765
10
7518
1190
7794
8423
3404
8592
6356
5513
5322
6570
7332
5385
9936
4582
4996
7820
653
6873
679
2667
1370
1933
7987
2467
7722
9169
5222
6797
981
8835
3943
3617
2342
6817
9102
4662
3377
9964
7191
9389
7464
1615
6483
2351
6432
5135
112
9140
8752
1730
2666
4086
6474
3749
1665
6981
6605
345
6925
956
2874
8253
3455
2788
9925
3474
3674
1432
9727
2315
1986
72
1426
6803
1796
1505
7564
5860
8006
9021
5567
5
1232
8488
4920
6980
171
7027
2687
3460
8809
8268
3150
3464
7670
7149
5750
5233
6413
4979
4046
9060
4846
4066
4190
8752
542
5384
1147
3198
3087
3503
5635
9049
9746
5655
7244
9281
9802
9140
3479
4795
2995
2259
9419
3227
8499
1922
640
9957
1919
6929
3048
3791
7025
708
7637
7867
5225
202
119
996
7538
6995
2228
4471
8503
7357
3565
4645
7397
5455
1839
6117
9602
2906
2711
943
5630
7933
3082
9302
6185
3656
5796
1974
6486
4932
6222
2815
9742
6929
838
7743
1320
1199
7354
5671
7495
7345
4660
7
5876
8174
5517
5756
1838
9402
6411
187
7600
6069
5837
3182
3202
754
3705
9246
2802
1739
4835
6049
7684
5747
3713
3799
6007
6188
1756
5840
3643
282
890
9712
1472
5096
2074
293
8144
153
3487
6408
720
7282
3169
9762
5586
3030
1616
5890
8863
1729
5402
1052
2339
522
9807
9699
5417
4867
452
3658
793
5586
4965
7208
2656
9621
9502
7338
1119
4481
331
9693
4614
6428
5310
1005
2882
8972
1185
4055
9796
2799
3053
9558
8388
4332
9770
3388
4982
202
4424
1598
6956
6352
5789
8886
2284
7981
5600
2755
8595
1993
150
307
2218
123
3995
2660
7097
9052
9188
6072
2345
9515
7186
7095
206
5011
4904
4681
2372
763
6161
5924
2601
428
3548
3010
8220
3704
1370
1735
1493
3208
1274
3154
4245
6119
9697
8738
4399
190
3056
1675
3799
5439
3169
7448
1865
8534
8867
803
6877
3484
1350
5619
9594
3806
1848
5254
4409
1454
2082
2191
8732
632
5453
545
254
2232
7161
8733
652
8522
7038
9704
9221
8034
644
5425
1598
8397
7665
6385
2793
7063
8257
1764
5030
2766
3883
3159
2570
8727
3441
3059
3392
7680
1256
3897
4814
4646
1561
1469
345
2168
6039
1944
9755
2059
7985
2393
4564
9008
7963
700
3262
6867
2808
5390
4630
1732
731
9984
7736
315
959
2602
2713
5288
2370
337
4107
4073
7881
4028
8733
160
7312
4819
9857
644
6770
2441
8387
2294
472
4892
6438
23
5205
6858
9344
2649
8593
2551
1017
9379
6115
9036
9168
840
7605
6098
6559
2362
4307
1743
4161
6282
3236
6624
1760
4212
5613
8984
9315
8329
4866
5816
9320
4797
7150
2016
5982
1139
6020
6164
4071
1909
9127
9906
1084
8168
887
4819
9442
8655
525
6513
5739
3535
8538
3064
1008
1555
9099
5391
8829
4705
2095
9433
3917
2284
6315
7735
2120
9275
9454
9696
6330
6730
8945
8244
4790
7552
6802
7549
571
3233
4961
2951
8437
5829
8601
2786
1991
1529
6083
7126
9800
2692
9304
6342
3852
876
4646
215
3957
8346
2149
7731
6072
5499
1562
873
8005
1256
3980
9976
5538
6441
7541
5004
2455
1830
5626
8007
1343
1358
8623
5140
4797
11
4917
7320
4989
101
53
2842
4621
4390
3554
3956
6587
2702
634
5642
5377
761
1709
2427
8783
5917
6930
2102
9383
9416
5237
9423
1775
5562
3045
1409
3314
6366
6318
7782
2040
9551
9186
1093
9704
4361
7165
5004
2779
1197
9625
1422
8482
1225
7167
8174
2522
439
3295
7469
511
149
7106
1297
2080
7029
4414
8934
4545
677
7706
5017
7494
8882
195
8707
6191
7193
9902
6610
1790
3903
7966
5342
1361
2561
1576
4059
2284
1614
2774
2586
4055
7571
7097
6373
6056
8711
6530
1739
9074
8313
8403
2024
2686
8886
5505
7673
3528
8272
8268
1919
9614
1035
1059
8322
9445
5594
2354
5399
9677
1113
3005
2725
5157
1676
7889
964
6353
9160
4697
7639
9947
3856
79
5372
1193
7652
7971
1010
5326
4964
3889
7018
19
9483
4110
2305
7862
8666
6499
3853
1315
6210
3133
4181
1427
1671
7284
9862
6163
2529
186
2707
4374
8340
599
109
973
8866
7491
5524
2118
8319
3507
4332
2851
7894
2760
7491
8669
8267
3364
4019
2664
7008
1038
8739
6328
5979
968
4194
6452
7496
5775
4039
9259
4779
6338
4850
9460
9049
9927
9047
4138
1368
8987
6461
8504
516
1385
7874
849
1171
188
2369
6963
6443
568
4742
8557
9474
2518
5265
7039
6646
8510
6986
5664
2639
9866
1156
5702
322
2648
4900
5777
6359
7313
644
681
2733
4168
8467
314
9532
2101
2784
7997
283
9842
1559
6505
9011
6789
6250
2745
9860
5872
6228
4351
5063
3333
762
6521
2099
4526
5731
8356
9220
588
4298
863
7225
2958
9777
2673
3021
8277
3784
1165
9896
5718
9582
7188
5126
367
3270
11
2617
5149
6398
3008
5482
6781
1741
4823
4934
7633
6907
2890
7863
502
6710
9376
6736
2180
1634
2157
525
6853
4064
1339
2250
1018
1922
86
339
1114
4317
4750
5996
6828
1456
3481
5474
2600
2340
8520
6674
8313
357
91
9416
2165
1809
1559
2378
1152
6590
3766
1846
7245
1424
5007
8841
8375
3787
1608
3618
319
2022
7258
5607
2903
3617
84
5830
5535
5448
4370
6302
4413
9032
9295
4687
274
3698
4361
863
1771
6526
1124
1535
2293
1074
9202
5070
5317
8642
5089
5916
8854
6426
2837
3729
4100
6122
1288
2094
3753
6897
9679
4564
9750
1373
5071
9236
1877
8354
4208
6200
6364
6042
2016
7824
7188
3931
8731
863
1947
2671
794
1863
2711
2208
2873
4401
2652
466
9726
3490
2240
8854
2294
8875
6876
2380
6146
5072
1910
1928
1907
763
4301
6297
2225
3697
9476
1718
4482
53
1571
4153
8681
8076
5770
4225
6525
33
6759
1938
492
8458
8330
3664
3376
8411
5383
2540
8177
7881
428
5213
6042
6993
916
9475
3392
3050
4587
4633
7888
8233
6227
6857
7336
7620
1494
9204
9034
8632
1661
9618
2845
4654
5552
1078
4628
3484
5295
1669
3746
8104
2608
873
206
2931
282
3250
9620
7299
3074
9212
6460
2129
2228
2806
3343
5
6772
1282
8951
8270
3029
8073
5734
3415
8714
2721
6602
7238
3675
2305
5135
2630
5978
1747
5142
9447
7975
1851
4709
6005
5073
7704
2718
8535
4622
585
1909
2264
2540
6466
9836
2619
3576
2895
2273
3595
8816
392
2090
113
788
773
8784
2025
3186
8084
8298
247
8307
7769
3851
6246
8607
8693
799
9841
7192
9802
3473
4038
390
6477
4097
5415
1983
6237
5269
7731
3673
532
9965
917
3938
7196
8059
4379
2000
9235
8739
4634
7093
7282
4703
6015
9590
938
4310
1273
9692
2784
9870
790
9802
9371
7455
5995
8431
5739
1690
2040
8991
1452
7946
1290
3629
7180
6026
8691
8076
7497
6072
1975
8886
2158
9080
8057
3516
3376
1243
8118
6144
3956
2625
6127
4303
3379
637
9293
1843
2832
969
7488
2824
7177
3226
1240
1869
2893
2676
5944
3885
9806
449
8
4207
7958
5726
1562
3770
1278
7367
4031
9309
461
4660
107
846
1374
3220
310
7106
7205
3929
4260
3885
5299
147
2536
2170
1992
2162
6340
5324
2201
8102
996
614
4034
3082
9404
8856
8397
6225
5502
683
3235
6895
3073
1503
3635
2554
9647
8915
2337
1090
6221
7701
6353
9759
8080
6779
8692
1099
990
7873
6434
7504
1107
8867
7993
3747
9205
4094
9284
209
1850
6034
4240
6104
745
7930
5083
2073
7966
2399
2733
9901
9218
458
1052
7494
6378
6681
2699
7495
1294
2132
6130
1510
1037
4000
8468
17
2271
3763
9740
2255
9691
1561
6458
7065
827
6903
5277
5753
4300
1422
1153
7505
2778
690
3675
3790
3228
1596
274
9055
9564
6589
9553
753
2618
4243
2346
8349
7425
3425
9133
3076
9545
3274
1129
3177
8543
5854
6722
8112
7746
2424
1380
2438
1183
9287
6983
5169
32
8284
403
3177
7328
9315
9606
3640
7746
7638
3076
7662
8867
9294
9774
2231
6460
379
8822
7537
4493
1798
5490
4216
2999
3973
991
8469
5160
7791
2839
8695
6556
1168
4166
1424
5330
6271
9370
4659
1149
2655
2361
8268
5548
5475
5848
4289
6621
821
57
2935
6797
6872
6132
745
4818
7212
8585
7988
1885
4563
516
1974
9866
7250
2595
5049
762
8537
6564
1610
387
2038
2930
175
1174
2887
4482
5433
738
6816
1913
6325
4487
8332
2304
3849
6333
6486
1019
5854
7750
1386
3926
1464
9857
1192
6048
6702
5568
9545
3549
2838
5853
4501
5767
3088
4824
3108
1909
1319
3428
2083
2495
1587
4115
8554
5072
4066
7967
411
6172
3848
8363
9630
4388
5860
4793
1931
376
1494
2605
615
93
9998
6305
5795
8415
8102
3098
64
9000
4755
6603
776
930
5064
5914
5033
137
1403
1280
3571
2949
7916
5780
5781
3399
2707
5770
5443
7985
1465
3943
5418
603
2522
568
2103
3907
8778
1812
2805
9572
5254
2240
4085
7371
1724
3794
7619
614
253
2360
2054
4045
3697
1273
8680
8790
2860
1180
5367
1236
2816
9175
2748
4127
8691
7531
6650
9066
2835
7695
5497
9313
9479
681
1939
225
1767
9188
4046
4253
15
5663
7916
3181
6527
866
7823
1338
2183
551
5153
120
4210
3270
3747
9890
1792
7216
1396
8973
7689
2225
7428
8550
798
640
3002
8925
9554
4441
4403
8982
6169
1245
252
9565
3135
8727
2290
6458
8156
707
8679
9045
8471
1482
216
8988
6729
4177
1501
5267
4916
3331
240
5019
2500
9820
4673
9462
836
6647
6666
1834
9203
9226
4127
6196
9944
1009
6280
6975
3268
6840
6866
1749
9816
7213
6306
9924
3415
6869
6396
7845
5789
8157
3459
3866
1808
5364
5858
549
2133
6584
8394
2785
1222
5326
573
9867
307
8614
1883
4816
3318
4206
6602
5758
460
8614
2987
8611
2305
8275
9786
2091
8507
3064
8967
7640
330
6178
6963
226
3054
7011
5037
3682
9337
2561
4894
5625
38
592
6305
7622
187
6429
9047
1320
4011
3052
185
5601
2703
6981
8576
2716
5430
8090
3762
5232
218
9533
1597
2020
8437
1599
7161
1013
6740
7852
1129
2311
811
741
6339
9369
3530
1662
5792
5244
8238
1577
9109
6085
1690
7170
1171
7152
8615
8029
9965
4007
1401
5533
7640
484
7285
4310
7687
1444
7168
2645
4824
1484
5066
4847
3896
9744
6315
9191
8238
5362
6140
4452
4391
2663
9657
3090
1950
4928
9813
1352
2047
440
9886
9882
1708
6729
5523
15
7423
3509
7668
6758
4721
4033
8329
6836
4314
4772
7590
8369
986
4993
2109
6693
3015
5344
308
125
5096
2756
4936
5746
5138
8409
9458
8348
1921
1820
1545
34
9529
3152
8600
69
3837
1870
6898
5390
4207
6188
1412
4149
2906
6785
4697
1460
4317
6008
5123
5419
5224
2211
4057
885
3948
3666
2748
9531
5134
8917
5134
439
2284
3726
8101
828
9460
2394
2924
8404
9153
2065
7916
4314
6070
8876
457
2201
5520
3942
4431
20
1223
2054
2479
2888
8310
4909
164
399
6940
6667
3003
982
9090
5990
386
1809
9309
6798
1024
222
6006
650
550
6711
2360
423
4564
508
3433
1379
6335
2272
7949
5909
1362
1555
3176
5471
5426
5216
1667
7510
1559
3399
5697
9809
215
2462
5378
65
8277
7172
5047
7600
6074
7558
1318
1613
9123
2725
8289
1350
2252
6119
1762
4583
2634
4205
1386
7795
2799
6614
5147
9375
6906
5874
8514
5223
5661
1226
1161
9900
4851
3725
8907
5979
9025
3134
9529
3652
8700
8876
7133
904
4140
8338
526
980
6848
1840
2595
7262
2626
7289
1947
3982
3772
3040
765
2447
5339
7676
8891
3334
4451
7411
2572
7954
19
5318
2313
1540
9258
970
4904
7889
41
8535
840
725
1483
9140
2653
3899
260
8306
8141
9610
4886
1511
6329
8034
1177
9758
6768
5656
3867
1134
1680
5870
4678
8824
6494
1302
9218
229
1657
3096
5771
1919
5274
8770
3716
5535
8686
2368
2667
5255
5767
7260
4367
4352
1439
4247
8416
7175
4495
409
7893
8084
8688
9478
3012
8427
4864
1682
1166
1558
9799
4726
3224
6531
3434
2786
7650
9674
6783
4741
1825
7634
1138
4492
495
6612
216
2455
70
767
6050
7698
9945
6830
9476
3171
7268
39
1718
3519
4613
4614
9627
2850
2074
3241
8129
7006
1549
3885
4312
4963
3022
9465
9302
4353
4015
4249
826
1434
8006
4206
8607
3115
5902
6228
3972
5980
5775
1332
7322
3142
8767
9963
1021
7716
841
2987
3670
3917
8909
2480
2064
9922
7624
3142
8507
3683
2598
7977
3166
135
1861
1228
847
6043
1340
6046
8295
4346
7403
9419
8978
5134
6997
5695
7285
8678
283
7840
5875
7032
1851
6220
5953
5609
4777
6656
6808
5883
8076
4954
5643
9382
4589
3938
5722
4123
7691
8037
2615
9348
4338
7634
7191
7872
2366
8041
