1000
523
633
87
765
495
661
771
537
666
155
277
16
166
570
396
84
385
124
244
909
396
759
32
452
326
373
305
973
778
808
917
837
182
786
27
687
469
20
758
198
208
797
728
542
912
854
577
107
535
611
672
511
200
996
658
918
668
893
368
541
759
147
885
266
434
25
585
285
138
889
656
735
369
374
607
18
43
825
799
553
715
283
746
185
767
179
214
841
985
760
256
118
736
354
58
410
239
732
496
309
132
420
968
829
532
318
809
946
469
781
973
413
68
507
945
914
872
404
676
555
230
774
222
824
78
212
364
300
85
563
753
673
605
652
71
470
987
796
22
760
15
832
348
831
265
229
542
843
274
350
661
943
185
239
853
940
367
698
210
584
829
376
140
753
924
675
284
661
317
249
423
124
258
979
651
888
812
519
64
43
415
587
121
426
235
659
450
441
405
372
804
383
157
834
696
851
137
999
568
247
170
549
212
556
220
342
179
815
580
562
64
514
486
801
255
742
365
345
880
695
670
378
836
200
358
800
253
897
43
257
755
390
97
376
380
810
143
161
171
620
737
437
653
953
591
33
832
706
621
810
493
303
164
52
327
315
17
643
900
586
356
897
852
25
180
377
176
30
946
795
740
319
587
266
664
983
354
442
563
142
653
302
201
256
30
777
16
785
84
699
517
239
771
790
508
633
98
402
639
590
300
958
710
545
962
903
488
388
543
78
33
723
171
109
405
10
163
594
740
513
577
576
239
335
200
394
242
309
364
873
834
492
327
480
704
473
830
942
774
880
214
803
234
896
489
719
297
877
677
895
982
179
647
617
227
354
771
515
287
621
856
879
80
199
594
82
59
288
223
708
962
636
31
674
565
421
517
355
860
706
363
192
164
544
973
904
664
632
61
154
442
521
751
548
722
336
653
67
518
789
238
804
747
991
482
27
67
370
233
514
567
433
229
885
814
911
837
19
295
738
92
591
220
970
825
207
128
222
736
397
930
784
873
29
82
442
199
158
187
128
980
428
681
992
35
189
637
360
118
515
816
167
641
762
4
471
455
994
225
337
59
846
318
929
121
454
246
179
30
411
478
855
630
65
491
177
453
745
209
52
528
216
18
39
164
722
587
376
79
475
662
625
54
384
347
889
647
889
8
92
40
17
203
557
191
361
309
779
139
10
49
225
843
913
413
707
566
648
633
46
506
723
646
423
833
257
89
407
409
876
391
229
275
329
499
484
503
523
470
982
197
861
14
130
743
136
74
450
501
300
981
456
305
314
642
762
29
137
255
307
433
695
980
332
697
819
373
499
702
33
566
667
716
765
671
860
900
219
561
940
307
862
648
822
483
328
137
603
648
818
965
654
877
900
615
539
784
79
778
475
60
33
214
105
462
769
925
521
122
627
993
82
302
566
217
441
575
580
644
600
987
674
213
359
199
10
159
450
698
821
538
898
913
476
358
801
188
112
160
296
817
936
515
171
720
836
985
688
951
88
466
571
255
971
164
414
454
280
732
359
278
572
116
266
429
513
893
417
631
83
559
681
458
618
223
199
80
911
119
179
810
906
396
492
642
323
629
51
298
703
783
188
651
821
921
619
377
570
276
779
901
394
18
717
579
952
844
87
46
152
964
683
488
827
554
569
790
235
53
583
218
79
480
88
323
336
696
75
819
805
219
175
168
341
843
755
621
188
58
146
265
807
736
670
848
611
11
636
89
330
63
170
0
104
14
604
85
541
130
68
725
116
993
283
511
572
439
691
17
540
570
688
371
244
58
231
356
289
168
524
77
50
153
210
563
49
906
743
873
748
782
806
589
365
590
249
993
158
625
734
637
497
644
417
907
647
427
995
611
631
680
154
41
25
459
953
891
851
628
905
375
853
389
575
509
224
563
608
592
220
390
403
347
50
799
198
937
391
50
372
206
371
460
213
484
472
295
190
801
23
211
722
495
871
791
209
179
799
488
129
803
302
369
994
145
393
44
358
669
669
472
617
171
750
748
13
592
423
610
257
475
739
479
683
49
939
539
852
129
696
196
971
802
532
64
884
865
988
482
154
831
561
644
530
531
512
735
795
300
870
998
35
626
983
746
275
373
81
521
190
718
797
312
222
749
926
155
992
170
805
938
233
600
499
463
920
214
904
941
30
456
620
691
251
334
173
113
379
484
905
571
457
138
412
947
666
484
83
195
86
556
10
260
707
62
803
929
978
213
376
143
814
660
603
865
410
48
763
710
570
612
674
390
732
180
430
542
16
63
260
680
407
351
811
855
616
594
376
449
137
