500
254
845
490
1973
815
98
930
1369
993
1820
431
221
307
35
1454
558
1881
83
1251
1164
423
1527
499
1866
670
1254
1444
328
197
1406
1473
128
28
929
1299
701
606
461
1021
243
1813
753
966
1035
898
909
588
1725
1916
1608
1367
1235
1481
1432
1931
1723
267
46
1827
94
1981
703
1178
367
638
1962
1803
1798
317
1991
525
1677
1302
1069
1015
154
795
103
26
1567
103
1079
1822
1295
927
1580
109
17
1930
208
320
89
322
437
1862
662
1819
321
444
1974
1236
551
42
993
1084
1784
1882
1092
1047
986
478
1372
1073
952
978
1382
1602
874
816
1588
1330
1990
835
1539
510
935
1806
667
1404
237
1037
1830
1756
1317
1004
1317
576
1915
87
783
1950
541
1794
1627
1554
305
1946
1889
521
1226
1435
1548
92
871
1732
18
777
765
888
1239
713
1942
454
1550
749
1241
1211
1442
682
1564
1830
1444
1367
296
1580
1558
996
1452
286
1560
573
932
1416
208
1935
1419
587
991
1691
879
285
738
857
293
479
742
1886
1356
1295
736
1633
1605
831
251
1338
787
1350
1427
1868
1632
1238
562
54
993
270
153
1300
971
960
1506
1227
1238
773
1027
436
144
1344
1062
1320
1237
416
998
382
302
1722
1660
1312
631
1911
1931
1205
710
1562
1113
1899
793
645
703
1954
1486
91
1267
1537
345
1961
708
611
1442
1265
821
1074
1005
1175
302
440
78
352
1087
609
1292
1671
806
293
549
1698
83
1220
1490
1252
1914
387
621
1205
793
1414
1552
1055
347
1566
896
906
1452
1045
1626
394
686
1576
1053
551
1227
1493
472
1870
1756
676
1637
534
1465
1002
22
869
578
108
1726
436
29
290
1988
96
785
1740
1076
915
1507
1305
310
1571
1231
581
1811
1833
201
1330
725
1348
1220
459
1694
942
1603
869
940
1871
1758
727
315
978
504
1468
92
1189
366
598
549
388
1122
565
345
1496
1449
1272
793
1692
481
899
1146
1777
680
466
1065
242
729
621
1037
1002
488
1036
828
1861
863
733
1616
1573
1866
627
1739
102
321
945
633
563
1123
488
1206
842
891
382
1839
125
1278
848
1325
971
1890
697
719
1071
1766
386
167
1943
877
668
89
247
1868
1340
303
351
1015
439
784
459
1543
95
1346
441
1375
604
61
496
1967
1246
674
879
1560
945
1404
180
400
690
1094
222
1433
1570
1118
885
926
41
824
344
701
1980
21
1543
1963
1746
278
99
1764
564
1771
1826
898
1091
545
168
561
318
588
1570
1632
1812
1137
916
1306
374
855
918
326
289
1278
1274
763
1611
1345
1169
1144
587
920
639
1011
366
1314
1116
1265
840
529
1484
1302
