distance 	 path
0		  1
15		1	30	118	222	254	2
22		1	163	162	3
23		1	30	118	199	240	4
24		1	30	118	114	65	194	147	234	101	5
25		1	235	21	6
19		1	30	232	44	7
42		1	30	232	139	61	190	8
26		1	235	126	148	9
32		1	235	21	174	10
29		1	30	118	114	65	194	11
40		1	30	232	56	13	176	12
17		1	30	232	56	13
20		1	30	118	199	54	14
16		1	159	15
23		1	30	118	114	65	194	16
33		1	30	232	56	80	245	17
25		1	30	118	114	65	194	147	234	101	18
15		1	235	126	19
24		1	30	232	139	61	158	20
15		1	235	21
22		1	30	118	114	65	107	43	22
34		1	30	118	114	65	194	16	57	23
32		1	30	232	44	24
25		1	30	118	199	240	25
14		1	30	118	114	65	194	26
25		1	235	143	27
26		1	30	118	114	65	194	200	250	28
33		1	30	118	114	65	107	43	29
3		  1	30
31		1	30	232	139	31
37		1	244	127	32
29		1	30	118	114	65	233	142	209	33
29		1	30	118	222	254	34
33		1	30	118	199	54	14	35
29		1	30	232	56	36
28		1	30	118	199	54	14	239	37
29		1	163	162	52	99	38
35		1	30	118	114	65	194	147	234	101	5	39
18		1	163	162	40
21		1	91	137	41
27		1	91	137	154	42
19		1	30	118	114	65	107	43
16		1	30	232	44
29		1	30	118	199	240	4	45
25		1	163	46
30		1	163	162	52	99	47
22		1	30	118	114	65	194	200	48
23		1	30	118	114	238	212	49
54		1	30	118	114	65	194	16	50
21		1	30	118	114	65	246	76	51
24		1	163	162	52
19		1	30	118	114	65	246	151	53
18		1	30	118	199	54
31		1	30	232	56	80	55
12		1	30	232	56
31		1	30	118	114	65	194	16	57
33		1	91	131	113	58
25		1	30	118	114	65	194	256	59
27		1	134	60
17		1	30	232	139	61
13		1	62
21		1	30	118	63
27		1	235	126	216	64
8		  1	30	118	114	65
37		1	30	118	199	240	4	45	66
18		1	30	118	114	65	107	103	67
28		1	163	68
24		1	134	69
14		1	30	118	70
30		1	71
37		1	30	118	114	65	107	103	214	72
27		1	235	143	27	73
35		1	163	162	52	99	166	74
49		1	30	118	199	240	4	75
15		1	30	118	114	65	246	76
33		1	30	232	139	61	77
41		1	30	232	56	36	94	78
32		1	30	118	114	65	246	76	79
20		1	30	232	56	80
29		1	235	81
28		1	30	118	199	54	82
39		1	30	118	114	65	246	151	165	83
40		1	30	118	114	65	246	151	53	84
24		1	91	137	85
26		1	30	118	114	238	212	49	86
29		1	244	127	87
26		1	30	118	114	65	194	200	48	88
30		1	30	118	70	226	89
25		1	30	118	199	54	90
15		1	91
27		1	30	232	44	92
17		1	30	93
32		1	30	232	56	36	94
26		1	163	162	52	95
17		1	30	118	199	96
35		1	30	118	114	65	194	256	59	97
24		1	30	118	114	65	107	103	98
25		1	163	162	52	99
27		1	30	118	70	100
23		1	30	118	114	65	194	147	234	101
41		1	235	21	6	102
13		1	30	118	114	65	107	103
35		1	244	104
55		1	105
21		1	235	126	19	112	106
12		1	30	118	114	65	107
20		1	30	93	108
26		1	30	118	114	65	246	151	53	109
30		1	30	118	114	238	212	49	86	110
16		1	244	111
18		1	235	126	19	112
23		1	91	131	113
7		  1	30	118	114
24		1	30	232	115
33		1	30	118	114	65	194	200	250	28	231	116
15		1	30	118	114	117
6		  1	30	118
38		1	235	126	19	145	206	119
34		1	30	118	114	65	107	103	67	120
37		1	163	156	122	141	121
23		1	163	156	122
22		1	30	118	114	65	194	123
25		1	30	118	114	65	246	151	251	124
32		1	30	118	114	167	248	125
14		1	235	126
21		1	244	127
16		1	30	118	128
26		1	30	118	114	65	246	76	129
30		1	30	118	114	238	212	49	86	130
21		1	91	131
35		1	30	118	114	238	212	132
35		1	30	118	199	54	14	239	37	203	133
18		1	134
27		1	30	118	199	240	25	135
26		1	235	126	19	145	136
18		1	91	137
20		1	30	118	114	172	138
14		1	30	232	139
35		1	235	126	148	9	140
32		1	163	156	122	141
17		1	30	118	114	65	233	142
18		1	235	143
24		1	30	118	114	65	107	103	67	144
17		1	235	126	19	145
33		1	163	162	52	99	38	146
14		1	30	118	114	65	194	147
23		1	235	126	148
31		1	235	249	149
17		1	235	21	150
12		1	30	118	114	65	246	151
24		1	30	118	114	65	107	152
17		1	30	118	114	65	153
24		1	91	137	154
30		1	163	162	52	99	155
15		1	163	156
32		1	235	126	216	157
21		1	30	232	139	61	158
7		  1	159
24		1	30	118	114	65	153	160
31		1	30	118	114	65	246	76	51	161
17		1	163	162
8		  1	163
26		1	30	118	114	65	194	200	250	164
32		1	30	118	114	65	246	151	165
30		1	163	162	52	99	166
18		1	30	118	114	167
28		1	30	232	56	168
31		1	163	162	52	99	166	169
29		1	30	118	114	238	212	49	170
31		1	30	118	63	220	171
17		1	30	118	114	172
40		1	30	118	63	173
18		1	235	21	174
28		1	30	118	114	65	194	241	175
32		1	30	232	56	13	176
41		1	91	137	154	42	247	177
38		1	30	232	44	92	201	178
34		1	30	118	114	65	194	147	234	101	179
35		1	235	249	149	180
32		1	30	118	114	238	212	49	170	181
28		1	30	118	114	65	182
29		1	30	118	114	65	246	76	215	183
27		1	30	118	114	65	194	200	184
40		1	30	232	56	36	94	185
36		1	30	118	114	167	248	125	186
27		1	30	118	114	65	233	187
27		1	30	118	70	226	188
23		1	30	118	114	65	194	147	234	189
26		1	30	232	139	61	190
35		1	235	126	216	191
32		1	91	137	41	197	192
46		1	91	137	154	42	219	193
9		  1	30	118	114	65	194
48		1	30	232	56	36	94	185	195
41		1	235	249	196
24		1	91	137	41	197
26		1	30	118	114	65	107	103	67	198
14		1	30	118	199
14		1	30	118	114	65	194	200
28		1	30	232	44	92	201
35		1	30	118	114	238	212	49	86	110	202
31		1	30	118	199	54	14	239	37	203
23		1	91	204
41		1	30	118	199	240	205
25		1	235	126	19	145	206
37		1	244	111	207
31		1	30	118	114	65	194	147	234	101	5	208
21		1	30	118	114	65	233	142	209
27		1	235	126	19	112	210
23		1	235	21	150	211
21		1	30	118	114	238	212
32		1	235	126	19	145	206	213
30		1	30	118	114	65	107	103	214
26		1	30	118	114	65	246	76	215
19		1	235	126	216
32		1	30	118	114	65	194	123	217
27		1	30	118	199	240	218
42		1	91	137	154	42	219
28		1	30	118	63	220
35		1	30	118	114	65	194	147	234	189	221
9		  1	30	118	222
27		1	223
34		1	30	118	114	65	194	147	234	101	237	224
30		1	163	162	40	225
24		1	30	118	70	226
23		1	235	126	19	112	106	227
43		1	30	232	44	24	228
31		1	244	111	229
19		1	30	118	114	65	194	256	230
30		1	30	118	114	65	194	200	250	28	231
10		1	30	232
15		1	30	118	114	65	233
21		1	30	118	114	65	194	147	234
11		1	235
23		1	30	118	114	65	194	200	48	236
32		1	30	118	114	65	194	147	234	101	237
19		1	30	118	114	238
24		1	30	118	199	54	14	239
20		1	30	118	199	240
21		1	30	118	114	65	194	241
39		1	30	118	114	65	194	256	242
26		1	91	137	154	243
13		1	244
29		1	30	232	56	80	245
10		1	30	118	114	65	246
40		1	91	137	154	42	247
29		1	30	118	114	167	248
26		1	235	249
21		1	30	118	114	65	194	200	250
19		1	30	118	114	65	246	151	251
49		1	30	118	114	65	246	151	53	252
39		1	30	118	114	167	253
12		1	30	118	222	254
45		1	235	126	19	145	206	255
17		1	30	118	114	65	194	256
No. of comparisons of Insertion    is 255
No. of comparisons of Extract min  is 2852
No. of comparisons of Decrease key is 2237
